Infinitive:1667931990.788845
Participle:1668254432.4554958
Gerund:1668798380.0