k20-22:1677660704.1
k23-25:1677747104.1
k26-28:1677833504.1
k29-30:1677919904.131+32:1678393003.771455
k37-38:1678739638.610017
k39-40:1678776999.482471
40+41:1681559847.289035
