B_9-12:1688478112.1
Suffixes_1-14:1688478112.1
B_13-16:1688564512.1
Suffixes_16-25:1688564512.1
B_17-19:1688650912.1
Suffixes_26-30:1688650912.1
B_20:1688823712.1
Suffixes_31-35:1688823712.1
B_21-22:1688910112.1
Suffixes_36-40:1688910112.1
B_23:1688979013.106145
Suffixes_41-45:1688979013.1061518
B24:1689075460.939032
Suffixes(46-50):1689075516.7777238
B_25-26:1689842933.1
Suffixes_51-52:1689842933.1
Suffixes_54-56:1689928900.5874062
B_27-28:1689928900.596452
B_29-30:1690033757.277626
Suffixes_56-60:1690033757.2870212
B_31-32:1690135541.1
Suffixes_61-63:1690135541.1
C_1:1690540890.1
Suffixes_64-66:1690540890.1
C2:1690546286.7840488
C3:1690634222.6739252
Suffixes_70-72:1690812038.195327
C4:1690971076.647352
Suffixes_73-74:1690971175.998015
ะก5:1691229238.753074
Suffixes_75-76:1691229238.753527
C6:1691326788.1
RB1:1704738640.1
RB2:1704825040.1
RB3:1704911440.1
RB4:1704997840.1
RB5:1705084240.1
RB6:1705438429.1